26 26 26 26 26 26 26 26 26 26 26 26 26 26 26 26 26 26 26 26 26 26 26 26 26 26 26 26 26 26 26 26 26 26 26 26 26 26 26 26 26 26 26 26 26 26 26 26 26 26 
26 26 26 26 26 26 26 26 26 26 26 26 26 26 26 26 26 26 26 26 26 26 26 26 26 26 26 26 26 26 26 26 26 26 26 26 26 26 26 26 26 26 26 26 26 26 26 26 26 26 
26 26 26 26 26 26 26 26 26 26 26 26 26 26 26 26 26 26 26 26 26 26 26 26 26 26 26 26 26 26 26 26 26 26 26 26 26 26 26 26 26 26 26 26 26 26 26 26 26 26 
26 26 26 26 26 26 26 26 26 26 26 26 26 26 26 26 26 26 26 26 26 26 26 26 26 26 26 26 26 26 26 26 26 26 26 26 26 26 26 26 26 26 26 26 26 26 26 26 26 26 
23 23 23 23 23 23 23 23 23 23 23 23 23 23 23 23 23 23 23 23 23 23 23 23 23 23 23 23 23 23 23 23 23 23 23 23 23 23 23 23 23 23 23 23 23 23 23 35 26 26
10 10 10 10 10 10 10 10 10 10 10 10 10 10 10 10 10 10 10 10 10 10 10 10 10 10 10 10 10 10 10 10 10 10 10 10 10 10 10 10 10 10 10 10 10 10 10 24 26 26 
10 10 10 10 10 10 10 10 10 10 10 10 10 10 10 10 10 10 10 10 10 10 10 10 10 10 10 10 10 10 10 10 10 10 10 10 10 10 10 10 10 10 10 10 10 10 10 24 26 26
10 10 10 10 10 10 10 10 10 10 10 10 10 10 10 10 10 10 10 10 10 10 10 10 10 10 10 10 10 10 10 10 10 10 10 10 10 10 10 10 10 10 10 10 10 10 23 33 26 26
4 4 4 4 4 4 4 4 4 4 4 4 4 4 4 4 4 4 4 4 2 2 2 2 2 2 2 4 4 4 4 4 4 4 4 4 4 4 4 4 4 4 4 4 4 4 4 4 4 4 
4 4 4 4 4 4 4 4 4 4 4 4 4 4 4 4 4 4 4 4 2 2 2 2 2 2 2 4 4 4 4 4 4 4 4 4 4 4 4 4 4 4 4 4 4 4 4 4 4 4 
4 4 4 4 4 4 4 4 1 1 1 1 1 4 4 4 4 4 4 4 4 2 2 2 2 2 4 4 4 4 4 4 4 4 4 4 4 4 4 4 4 4 4 4 4 4 4 4 4 4 
4 4 4 4 4 4 4 4 1 3 3 3 1 4 4 4 4 4 4 4 0 0 0 0 0 0 0 4 4 4 4 4 4 0 5 5 5 5 5 5 5 4 4 4 4 4 4 4 4 4 
4 4 4 4 4 4 4 4 1 3 3 3 1 4 4 4 4 4 4 4 4 0 0 0 0 0 4 4 4 4 4 4 4 4 5 5 5 5 5 5 5 5 4 4 4 4 4 4 4 4 
4 4 4 4 4 4 4 4 1 3 3 3 1 4 4 4 4 4 4 4 4 4 0 0 0 4 4 4 4 4 4 4 4 4 5 5 5 5 5 5 5 5 4 4 4 4 4 4 4 4 
4 4 4 4 4 4 4 4 1 3 3 3 1 4 4 4 4 4 4 4 4 4 4 5 4 4 4 4 4 4 4 4 4 4 5 5 5 5 5 5 5 5 4 4 4 4 4 4 4 4 
4 4 4 4 4 4 4 4 1 1 0 1 1 4 4 4 4 4 4 4 4 4 4 5 4 4 4 4 4 4 4 4 4 4 5 5 5 5 5 5 5 5 4 4 4 4 4 4 4 4 
4 4 4 4 4 4 4 4 4 4 0 4 4 4 4 4 4 4 4 4 4 4 4 5 4 4 4 4 4 4 4 4 4 4 4 5 5 5 5 5 5 4 4 4 4 4 4 4 4 4 
4 4 4 4 4 4 4 4 4 4 0 4 4 4 4 4 4 4 4 4 4 4 4 5 4 4 4 4 4 4 4 4 4 4 4 4 4 4 5 4 4 4 4 4 4 4 4 4 4 4 
4 4 4 4 4 4 4 4 4 4 0 4 4 4 4 4 4 4 4 4 4 4 4 5 4 4 4 4 4 4 4 4 4 4 4 4 4 4 5 4 4 4 4 4 4 4 4 4 4 4 
4 4 4 4 4 4 4 4 4 4 0 4 4 4 4 4 4 4 4 4 4 4 4 5 4 4 4 4 4 4 4 4 4 4 4 4 4 4 5 4 4 4 4 4 4 4 4 4 4 4 
4 4 4 4 4 4 4 4 0 0 0 4 4 4 4 4 4 4 4 4 4 4 4 5 4 4 4 4 4 4 4 4 4 4 4 4 4 4 5 4 4 4 4 4 4 4 4 4 4 4 
4 4 4 4 4 4 4 4 0 4 4 4 4 4 4 4 4 4 4 4 4 4 4 5 4 4 4 4 4 4 4 4 4 4 4 4 4 4 5 4 4 4 4 4 4 4 4 4 4 4 
4 4 4 4 4 4 4 4 0 4 4 4 4 4 4 4 4 4 4 4 4 4 0 5 0 4 4 4 4 4 4 4 4 4 4 4 5 5 5 4 4 4 4 4 4 4 4 4 4 4 
4 4 4 4 4 4 4 4 0 4 4 4 4 4 4 4 4 4 4 4 4 0 0 5 0 0 4 4 4 4 4 4 4 4 4 4 5 4 4 4 4 4 4 4 4 4 4 4 4 4 
4 4 4 4 4 4 4 4 0 4 4 4 4 4 4 4 4 4 4 4 0 0 0 10 0 0 0 4 4 4 4 4 4 4 4 5 5 4 4 4 4 4 4 4 4 4 4 4 4 4 
4 4 4 4 4 4 4 4 0 4 4 4 5 5 5 5 5 5 5 5 5 5 5 10 5 5 5 5 5 5 5 5 5 5 5 5 5 4 4 4 4 4 4 4 4 4 4 4 4 4 
4 4 4 4 4 4 4 4 0 4 4 4 3 4 4 4 4 4 4 4 0 0 0 5 0 0 0 4 4 4 4 4 4 4 4 4 5 4 4 4 4 4 4 4 4 4 4 4 4 4 
4 4 4 4 4 4 4 4 0 4 4 4 3 4 4 4 4 4 4 4 4 0 0 5 0 0 4 4 4 4 4 4 4 4 4 4 5 4 4 4 4 4 4 4 4 4 4 4 4 4 
4 4 4 4 4 4 4 4 0 4 4 4 3 4 4 4 4 4 4 4 4 4 0 5 0 4 4 4 4 4 4 4 4 4 4 4 5 4 4 4 4 4 4 4 4 4 4 4 4 4 
4 4 4 4 4 4 4 4 0 4 4 4 3 3 3 4 4 4 4 4 4 4 4 5 4 4 4 4 4 4 4 4 4 4 4 4 5 4 4 4 4 4 4 4 4 4 4 4 4 4 
4 4 4 4 4 4 4 4 0 4 4 4 4 4 0 4 4 4 4 4 4 4 4 5 4 4 4 4 4 4 4 4 4 4 4 4 5 4 4 4 4 4 4 4 4 4 4 4 4 4 
4 4 4 4 4 4 4 4 0 4 4 4 4 4 0 4 4 4 4 4 4 4 4 5 4 4 4 0 4 4 4 4 4 4 4 0 5 4 4 4 4 4 4 4 4 4 4 4 4 4 
4 4 4 4 4 4 4 4 0 4 4 4 4 4 0 4 4 4 4 4 4 4 4 5 4 4 4 4 4 4 0 4 4 4 4 4 5 4 4 4 4 4 4 4 4 4 4 4 4 4 
4 4 4 4 4 4 4 4 0 0 0 0 0 0 0 4 4 4 4 4 4 4 4 5 4 4 4 4 4 4 0 4 4 4 4 4 5 4 4 4 4 4 4 4 4 4 4 4 4 4 
4 4 4 4 4 4 4 4 0 0 0 0 0 0 0 4 4 4 4 4 4 4 4 5 4 4 4 4 4 4 4 4 4 4 4 4 0 4 4 4 4 4 4 4 4 4 4 4 4 4 
4 4 4 4 4 4 4 4 0 0 0 0 0 0 0 4 4 4 4 4 4 4 4 5 4 4 4 4 4 4 4 4 4 4 4 0 0 0 4 4 4 4 4 4 4 4 4 4 4 4 
4 4 4 4 4 4 4 4 0 0 0 0 0 0 0 4 4 4 4 4 4 4 4 5 4 4 4 4 4 4 4 4 4 4 4 0 0 0 4 4 4 4 4 4 4 4 4 4 4 4 
4 4 4 4 4 4 4 4 0 0 0 0 0 0 0 4 4 4 4 4 4 4 4 5 4 4 4 4 4 4 4 4 4 4 4 0 0 0 4 4 4 4 4 4 4 4 4 4 4 4 
4 4 4 4 4 4 4 4 0 0 0 0 0 0 0 4 4 4 4 4 4 4 4 5 4 4 4 4 4 4 4 4 4 4 4 0 0 0 4 4 4 4 4 4 4 4 4 4 4 4 
4 4 4 4 4 4 4 4 4 4 4 4 4 4 4 4 4 4 4 4 4 4 4 5 4 4 4 4 4 4 4 4 4 4 4 0 0 0 4 4 4 4 4 4 4 4 4 4 4 4 
4 4 4 4 4 4 4 4 4 4 4 4 4 4 4 4 4 4 4 0 0 0 0 0 0 0 0 4 4 4 4 4 4 4 0 0 0 0 0 4 4 4 4 4 4 4 4 4 4 4 
4 4 4 4 4 4 4 4 4 4 4 4 4 4 4 4 4 4 0 0 0 0 0 0 0 0 0 0 4 4 0 4 4 0 0 0 0 0 0 4 4 4 4 4 4 4 4 4 4 4 
4 4 4 4 4 4 4 4 4 4 4 4 4 4 4 4 4 4 0 0 0 0 0 0 0 0 0 0 4 4 4 4 0 0 0 0 0 0 0 4 4 4 4 4 4 4 4 4 4 4 
4 4 4 4 4 4 4 4 4 4 4 4 4 0 4 4 4 4 0 0 0 0 0 0 0 0 0 0 0 4 4 4 0 0 0 0 0 4 0 4 4 4 4 4 4 4 4 4 4 4 
4 4 4 4 4 4 4 4 4 4 4 4 4 4 4 4 4 4 0 0 0 0 0 0 0 0 0 0 0 0 0 0 0 0 4 0 0 0 0 4 4 4 4 4 4 4 4 4 4 4 
4 4 4 4 4 4 4 4 4 4 4 4 4 0 4 4 4 4 4 0 0 0 0 0 0 0 0 4 4 4 4 0 0 0 0 0 0 0 0 4 4 4 4 4 4 4 4 4 4 4 
4 4 4 4 4 4 4 4 4 4 4 4 4 4 4 4 4 4 4 4 0 0 0 0 0 0 4 4 4 4 4 0 0 4 0 0 4 0 0 4 4 4 4 4 4 4 4 4 4 4 
4 4 4 4 4 4 4 4 4 4 4 4 4 4 4 4 4 4 4 4 4 4 4 4 4 4 4 4 4 4 4 4 0 0 0 0 0 0 4 4 4 4 4 4 4 4 4 4 4 4 
4 4 4 4 4 4 4 4 4 4 4 4 4 4 4 4 4 4 4 4 4 4 4 4 4 4 4 4 4 4 4 4 4 4 4 4 4 4 4 4 4 4 4 4 4 4 4 4 4 4 
4 4 4 4 4 4 4 4 4 4 4 4 4 4 4 4 4 4 4 4 4 4 4 4 4 4 4 4 4 4 4 4 4 4 4 4 4 4 4 4 4 4 4 4 4 4 4 4 4 4 
4 4 4 4 4 4 4 4 4 4 4 4 4 4 4 4 4 4 4 4 4 4 4 4 4 4 4 4 4 4 4 4 4 4 4 4 4 4 4 4 4 4 4 4 4 4 4 4 4 4 
4 4 4 4 4 4 4 4 4 4 4 4 4 4 4 4 4 4 4 4 4 4 4 4 4 4 4 4 4 4 4 4 4 4 4 4 4 4 4 4 4 4 4 4 4 4 4 4 4 4 
4 4 4 4 4 4 4 4 4 4 4 4 4 4 4 4 4 4 4 4 4 4 4 4 4 4 4 4 4 4 4 4 4 4 4 4 4 4 4 4 4 4 4 4 4 4 4 4 4 4 
4 4 4 4 4 4 4 4 4 4 4 4 4 4 4 4 4 4 4 4 4 4 4 4 4 4 4 4 4 4 4 4 4 4 4 4 4 4 4 4 4 4 4 4 4 4 4 4 4 4 